rhythm______i:6_______w:1.0_______
1.0577239663689397e-05 0.5339318513870239 0.46605753898620605
rhythm______i:6_______w:1.0_______
1.0577239663689397e-05 0.5339318513870239 0.46605753898620605
rhythm______i:6_______w:1.0_______
1.0577239663689397e-05 0.5339318513870239 0.46605753898620605
rhythm______i:6_______w:1.0_______
1.0577239663689397e-05 0.5339318513870239 0.46605753898620605
rhythm______i:6_______w:1.0_______
1.0577239663689397e-05 0.5339318513870239 0.46605753898620605
rhythm______i:6_______w:1.0_______
1.0577239663689397e-05 0.5339318513870239 0.46605753898620605
rhythm______i:6_______w:1.0_______
1.0577239663689397e-05 0.5339318513870239 0.46605753898620605
rhythm______i:6_______w:1.0_______
1.0577239663689397e-05 0.5339318513870239 0.46605753898620605
rhythm______i:6_______w:1.0_______
1.0577239663689397e-05 0.5339318513870239 0.46605753898620605
rhythm______i:6_______w:1.0_______
1.0577239663689397e-05 0.5339318513870239 0.46605753898620605
rhythm______i:6_______w:1.0_______
1.0577239663689397e-05 0.5339318513870239 0.46605753898620605
rhythm______i:6_______w:1.0_______
1.0577239663689397e-05 0.5339318513870239 0.46605753898620605
rhythm______i:6_______w:1.0_______
1.0577239663689397e-05 0.5339318513870239 0.46605753898620605
rhythm______i:6_______w:1.0_______
1.0577239663689397e-05 0.5339318513870239 0.46605753898620605
rhythm______i:6_______w:1.0_______
1.0577239663689397e-05 0.5339318513870239 0.46605753898620605
rhythm______i:6_______w:1.0_______
1.0577239663689397e-05 0.5339318513870239 0.46605753898620605
rhythm______i:6_______w:1.0_______
1.0577239663689397e-05 0.5339318513870239 0.46605753898620605
rhythm______i:6_______w:1.0_______
1.0577239663689397e-05 0.5339318513870239 0.46605753898620605
rhythm______i:6_______w:1.0_______
1.0577239663689397e-05 0.5339318513870239 0.46605753898620605
rhythm______i:6_______w:1.0_______
1.0577239663689397e-05 0.5339318513870239 0.46605753898620605
rhythm______i:6_______w:1.0_______
1.0577239663689397e-05 0.5339318513870239 0.46605753898620605
rhythm______i:6_______w:1.0_______
1.0577239663689397e-05 0.5339318513870239 0.46605753898620605
rhythm______i:6_______w:1.0_______
1.0577239663689397e-05 0.5339318513870239 0.46605753898620605
rhythm______i:6_______w:1.0_______
1.0577239663689397e-05 0.5339318513870239 0.46605753898620605
rhythm______i:6_______w:1.0_______
1.0577239663689397e-05 0.5339318513870239 0.46605753898620605
rhythm______i:6_______w:1.0_______
1.0577239663689397e-05 0.5339318513870239 0.46605753898620605
rhythm______i:6_______w:1.0_______
1.0577239663689397e-05 0.5339318513870239 0.46605753898620605
rhythm______i:6_______w:1.0_______
1.0577239663689397e-05 0.5339318513870239 0.46605753898620605
rhythm______i:6_______w:1.0_______
1.0577239663689397e-05 0.5339318513870239 0.46605753898620605
rhythm______i:6_______w:1.0_______
1.0577239663689397e-05 0.5339318513870239 0.46605753898620605
rhythm______i:6_______w:1.0_______
1.0577239663689397e-05 0.5339318513870239 0.46605753898620605
rhythm______i:6_______w:1.0_______
1.0577239663689397e-05 0.5339318513870239 0.46605753898620605
rhythm______i:6_______w:1.0_______
rhythm______i:6_______w:1.0_______
rhythm______i:6_______w:1.0_______
1.0577239663689397e-05 0.5339318513870239 0.46605753898620605
rhythm______i:6_______w:1.0_______
1.0577239663689397e-05 0.5339318513870239 0.46605753898620605
rhythm______i:6_______w:1.0_______
1.0577246939647011e-05 0.5339322090148926 0.46605727076530457
8.88269096321892e-06 0.4780612885951996 0.5219298601150513
rhythm______i:6_______w:1.0_______
1.0577246939647011e-05 0.5339322090148926 0.46605727076530457
8.88269096321892e-06 0.4780612885951996 0.5219298601150513
rhythm______i:6_______w:1.0_______
1.0577246939647011e-05 0.5339322090148926 0.46605727076530457
8.88269096321892e-06 0.4780612885951996 0.5219298601150513
rhythm______i:6_______w:1.0_______
1.0577246939647011e-05 0.5339322090148926 0.46605727076530457
8.88269096321892e-06 0.4780612885951996 0.5219298601150513
rhythm______i:6_______w:1.0_______
1.0577246939647011e-05 0.5339322090148926 0.46605727076530457
8.88269096321892e-06 0.4780612885951996 0.5219298601150513
rhythm______i:6_______w:1.0_______
1.0577246939647011e-05 0.5339322090148926 0.46605727076530457
8.88269096321892e-06 0.4780612885951996 0.5219298601150513
rhythm______i:6_______w:1.0_______
1.0577246939647011e-05 0.5339322090148926 0.46605727076530457
8.88269096321892e-06 0.4780612885951996 0.5219298601150513
rhythm______i:6_______w:1.0_______
1.0577246939647011e-05 0.5339322090148926 0.46605727076530457
8.88269096321892e-06 0.4780612885951996 0.5219298601150513
rhythm______i:6_______w:1.0_______
1.0577246939647011e-05 0.5339322090148926 0.46605727076530457
8.88269096321892e-06 0.4780612885951996 0.5219298601150513
rhythm______i:6_______w:1.0_______
1.0577246939647011e-05 0.5339322090148926 0.46605727076530457
8.88269096321892e-06 0.4780612885951996 0.5219298601150513
rhythm______i:6_______w:1.0_______
1.0577239663689397e-05 0.5339318513870239 0.46605753898620605
