rhythm______i:6_______w:1.0_______
2 1 1 2 2 1
rhythm______i:6_______w:1.0_______
2 1 1 2 2 1
rhythm______i:6_______w:1.0_______
2 1 1 2 2 1
rhythm______i:6_______w:1.0_______
2 1 1 2 2 1
rhythm______i:6_______w:1.0_______
2 1 1 2 2 1
rhythm______i:6_______w:1.0_______
2 1 1 2 2 1
rhythm______i:6_______w:1.0_______
2 1 1 2 2 1
rhythm______i:6_______w:1.0_______
2 1 1 2 2 1
rhythm______i:6_______w:1.0_______
2 1 1 2 2 1
rhythm______i:6_______w:1.0_______
2 1 1 2 2 1
rhythm______i:6_______w:1.0_______
2 1 1 2 2 1
rhythm______i:6_______w:1.0_______
2 1 1 2 2 1
rhythm______i:6_______w:1.0_______
2 1 1 2 2 1
rhythm______i:6_______w:1.0_______
2 1 1 2 2 1
rhythm______i:6_______w:1.0_______
2 1 1 2 2 1
rhythm______i:6_______w:1.0_______
2 1 1 2 2 1
rhythm______i:6_______w:1.0_______
2 1 1 2 2 1
rhythm______i:6_______w:1.0_______
2 1 1 2 2 1
rhythm______i:6_______w:1.0_______
2 1 1 2 2 1
rhythm______i:6_______w:1.0_______
2 1 1 2 2 1
rhythm______i:6_______w:1.0_______
2 1 1 2 2 1
rhythm______i:6_______w:1.0_______
2 1 1 2 2 1
rhythm______i:6_______w:1.0_______
2 1 1 2 2 1
rhythm______i:6_______w:1.0_______
2 1 1 2 2 1
rhythm______i:6_______w:1.0_______
2 1 1 2 2 1
rhythm______i:6_______w:1.0_______
2 1 1 2 2 1
rhythm______i:6_______w:1.0_______
2 1 1 2 2 1
rhythm______i:6_______w:1.0_______
2 1 1 2 2 1
rhythm______i:6_______w:1.0_______
2 1 1 2 2 1
rhythm______i:6_______w:1.0_______
2 1 1 2 2 1
rhythm______i:6_______w:1.0_______
2 1 1 2 2 1
rhythm______i:6_______w:1.0_______
2 1 1 2 2 1
rhythm______i:6_______w:1.0_______
rhythm______i:6_______w:1.0_______
rhythm______i:6_______w:1.0_______
2 1 1 2 2 1
rhythm______i:6_______w:1.0_______
2 1 1 2 2 1
rhythm______i:6_______w:1.0_______
2 1 1 2 2 1
2 2 1 2 2 1
rhythm______i:6_______w:1.0_______
2 1 1 2 2 1
2 2 1 2 2 1
rhythm______i:6_______w:1.0_______
2 1 1 2 2 1
2 2 1 2 2 1
rhythm______i:6_______w:1.0_______
2 1 1 2 2 1
2 2 1 2 2 1
rhythm______i:6_______w:1.0_______
2 1 1 2 2 1
2 2 1 2 2 1
rhythm______i:6_______w:1.0_______
2 1 1 2 2 1
2 2 1 2 2 1
rhythm______i:6_______w:1.0_______
2 1 1 2 2 1
2 2 1 2 2 1
rhythm______i:6_______w:1.0_______
2 1 1 2 2 1
2 2 1 2 2 1
rhythm______i:6_______w:1.0_______
2 1 1 2 2 1
2 2 1 2 2 1
rhythm______i:6_______w:1.0_______
2 1 1 2 2 1
2 2 1 2 2 1
rhythm______i:6_______w:1.0_______
2 1 1 2 2 1
